t 500.810883 -5163.462891 718.635681
t 500.810883 -5756.691895 718.635681
t 500.810883 -6357.498535 718.635681
t 226.873993 -6357.498535 718.635681
t 226.873993 -6957.498535 718.635681
t 226.873993 -7612.680664 718.635681
t 227.588135 -5919.085938 714.599854
t 227.588135 -5388.330078 714.599854
t 227.588135 -4698.330078 714.599854
t 227.588135 -4187.262207 714.599854
t 227.588135 -3722.262207 714.599854
t 294.136139 -9382.279297 -240.042389
t 135.385712 -9382.279297 -240.042389
t -42.818432 -9382.279297 -240.042389
t -178.886887 -9382.279297 -240.042389
t -312.628937 -9924.283203 -297.070953
t -312.628937 -10359.438477 -297.070953
t -312.628937 -10886.937500 -297.070953
t -312.628937 -11434.410156 -297.070953
t -218.727737 -12214.410156 -228.032593
t -218.727737 -12784.410156 -228.032593
t -218.727737 -13354.410156 -228.032593
t 451.718719 -6910.918457 -465.339386
t 451.718719 -7495.918457 -465.339386
t 451.718719 -8070.631836 -465.339386
t 451.718719 -8700.631836 -465.339386
t 451.718719 -9112.949219 -465.339386
f 230.655228 -8766.060547 624.822632
f 230.655228 -9324.341797 624.822632
f 230.655228 -9895.279297 624.822632
f 230.655228 -10502.596680 624.822632
f 230.655228 -11117.596680 624.822632
f 230.655228 -11734.184570 624.822632
f 455.060638 -9061.474609 279.174469
f 455.060638 -9061.474609 -216.528214
f 455.060638 -9061.474609 85.451675
f 455.060638 -9602.150391 85.451675
f 455.060638 -10187.150391 85.451675
f 455.060638 -10757.150391 85.451675
f 455.060638 -11343.868164 85.451675
f 455.060638 -11962.279297 85.451675
h 0.000000 -6069.816895 124.508224
h 1134.458130 -5405.321777 -660.019531
h 22.971586 -6039.167480 675.786926
h -5.704462 -4939.896484 -532.492737
h 709.549316 -5337.604004 711.575195
h 340.014191 -7384.114258 1362.617554
h -545.020264 -8963.826172 115.535065
h -545.020264 -12183.617188 262.514191
h -472.761841 -8218.642578 1087.995239
h -144.835983 -10472.444336 1387.396729
h -54.877991 -13850.852539 -774.027893
h -417.888824 -10526.868164 214.597824
h -53.196110 -9527.466797 -747.926697
h 1327.579834 -7019.341309 -54.222469
h 1205.519897 -9553.299805 107.704941
h 1033.220215 -11968.299805 282.889069
h 458.106323 -11363.752930 287.540649
h 458.106323 -11495.575195 -213.735489
h 42.627720 -10878.978516 609.809265
h -4.067166 -10993.335938 -1316.380981
i -1199.309814 -5695.749023 -536.228027
i -1792.254028 -3885.175781 -508.673920
i -756.864014 -4017.571533 -508.673920
i 313.154602 -2018.273438 -2064.707031
i 411.797882 -3908.273438 -2067.729004
i 411.797882 -5950.643066 -2067.729004
i -325.832153 -5731.742188 1954.599976
i 620.728394 -5546.011719 1954.599976
i 445.379883 -4675.249023 -1906.228149
i 595.862366 -8770.375000 -2028.016235
i 595.862366 -9960.445313 -1827.182373
l -645.279480 -3268.123047 -1176.811523
l 513.209351 -3589.918213 1055.859619
l -190.850922 -2946.231689 -1634.078735
l -329.480621 -4918.626465 -1274.073608
l -501.104156 -6579.693848 -841.292236
l -624.340637 -10829.201172 -522.309509
l 1126.302612 -11886.127930 1491.896240
l 1012.183228 -13390.059570 1264.422852
l 709.785400 -15025.059570 959.318604
l 902.513428 -13955.762695 1083.069580
l -476.430878 -11378.913086 -446.669495
l -371.906464 -13470.057617 -346.694092
l 1171.385132 -4431.068848 436.410461
l 1113.149170 -7988.593750 521.924438
l 969.209717 -9613.306641 1136.381104
l -51.004425 -7400.493164 -1721.200806
r -1009.729797 -2674.162354 2000.098022
r -1302.408447 -2674.162354 1359.499878
r 995.989258 -2674.162354 -1715.290527
r 1085.204224 -4069.162354 -1137.137817
r 1250.817993 -5115.515137 -182.578522
r -1461.657349 -3754.014404 933.660522
r -1573.880249 -5149.014648 498.165253
r -1782.062012 -6598.180176 -14.932085
r -1296.690674 -6298.180176 962.157349
r -1018.945007 -6703.465820 1765.446289
r 1202.477905 -3170.933594 -209.668762
r 1000.528687 -6520.781250 -1488.886475
r 956.636230 -11694.913086 -813.322144
r 524.820313 -13142.621094 -1273.503662
r 1344.084229 -14490.928711 -549.516357
r 1463.631836 -15732.673828 30.329514
r 850.314331 -15255.407227 -1019.812439
r -466.703705 -11213.242188 905.028259
r -414.053314 -14132.903320 1104.093262
r 841.212463 -9120.057617 -744.732178
r 625.757935 -8261.642578 -659.098572
