t 0.000000 -570.000000 0.000000
t 0.000000 -1140.000000 0.000000
t 0.000000 -1730.885132 0.000000
t 0.000000 -2345.885254 0.000000
t 0.000000 -2915.885254 0.000000
t 0.000000 -3485.885254 0.000000
t -3.025800 -6432.526367 -106.142746
t -3.025800 -6882.526367 -106.142746
t -3.025800 -7407.526367 -106.142746
t -3.025800 -8112.526367 -106.142746
t 639.829834 -4289.595703 -66.608879
t 639.829834 -4739.595703 -66.608879
t 639.829834 -5189.595703 -66.608879
t 639.829834 -5601.392090 -66.608879
f -3.218536 -3180.406738 209.648727
f -3.218536 -3862.984375 209.648727
f -3.218536 -4494.857910 209.648727
f -3.218536 -5184.857910 209.648727
f -3.218536 -6069.857910 209.648727
f 2.246413 -3267.530273 -231.622437
f 2.246413 -3844.847900 -231.622437
f 2.246413 -4330.472656 -231.622437
f 2.246413 -4872.190918 -231.622437
f 2.246413 -5617.919434 -231.622437
h -964.762573 -2869.229980 -34.515705
h -737.628418 -6859.229980 85.460518
h -672.070679 -5374.554688 667.893494
h -672.070679 -5374.554688 -420.622070
h 639.829834 -9050.115234 -66.608879
h 828.684753 -8914.696289 263.351685
i -4.510732 -4468.927734 -34.236313
i -13.239663 -5635.281250 583.999756
i 2.640171 -5819.263672 -453.366974
i 2.246413 -7625.080566 79.341339
l 0.000000 -1740.284668 -678.123413
l 0.000000 -1740.284668 598.986938
l -266.616791 -1942.904419 -1307.756958
l -768.210205 -442.904419 -682.959473
l -39.816063 -5104.112793 -1111.654297
l -521.229248 -6172.497559 -1344.049194
l 1108.673218 -3526.371826 30.259537
r -647.561218 -1740.284668 522.919861
r 658.285828 -1740.284668 -547.779053
r -783.623596 -2979.782227 -732.738647
r -609.446594 730.770142 566.317932
r 703.783630 -3930.595703 413.357635
r 832.160156 -5590.639648 -266.974945
