t 176.722717 -2667.309082 278.891602
t 176.722717 -3252.309082 278.891602
t 176.722717 -3934.496094 278.891602
t -584.104614 -2223.134766 -645.600525
t -584.104614 -2778.134766 -645.600525
t -584.104614 -3408.134766 -645.600525
t -584.104614 -4113.134766 -645.600525
t -584.104614 -4721.363770 -645.600525
t -584.104614 -5538.160156 -645.600525
t -584.104614 -6198.966797 -645.600525
f 0.000000 -690.000000 0.000000
f 0.000000 -1320.000000 0.000000
f 0.000000 -1920.000000 0.000000
f 0.000000 -1920.000000 575.911743
f 0.000000 -1920.000000 -557.056763
f -345.000000 -1920.000000 590.286865
f -345.000000 -1920.000000 -27.733566
f -341.138672 -1920.000000 -555.362976
f -630.090088 -2205.984375 -29.736343
f -747.070923 -3071.296631 -312.079376
f -747.070923 -4031.296631 -312.079376
f -747.070923 -4761.869141 -312.079376
f 342.022247 -5080.947266 27.700251
f 342.022247 -5620.947266 27.700251
f 342.022247 -6355.947266 27.700251
f 342.022247 -7005.920410 27.700251
h -147.888748 -1920.000000 -282.211151
h -631.570190 -2454.816650 278.701111
h 345.093842 -2170.361816 278.701111
h 236.467346 -1686.921631 -835.959595
h -25.843807 -5443.248047 47.635956
h -102.400787 -3861.581055 -126.242088
h -311.138000 -3982.549805 -179.165436
i -518.811523 -5070.155273 -7.579430
l -922.534668 -1813.114746 -837.903259
l -391.217346 -3535.275146 -549.720947
l -808.833862 -4699.544922 -917.212769
l -1189.114868 -2940.246338 -1227.411011
l -996.754578 -3828.110107 -1042.616211
l -226.068527 -5883.110352 -557.902039
l 371.876953 -4582.973633 590.139465
l 486.391418 -6393.958984 300.899048
l 157.985794 -5264.400879 -212.742065
l 960.920044 -1313.298828 -477.619019
l 1165.804810 -4140.376465 -151.042831
r -142.170715 -4094.198242 723.523987
r -276.155396 -6983.597168 446.313934
r -1080.811401 -5542.549805 -274.161194
r -1090.872559 -2901.454834 -336.832367
r 960.184204 -1171.628052 508.459564
r 1277.056152 -3052.252930 850.309143
