t -475.703766 -1389.556519 511.249847
t -148.022873 -1583.645142 381.772461
t -637.691101 -2026.196655 221.461487
t 104.547241 -2571.300293 494.952057
t 64.565765 -1454.788818 -585.405579
t 40.675568 -7143.275879 692.652588
t 40.675568 -8183.770020 692.652588
t 40.675568 -9136.956055 692.652588
t 40.675568 -9736.696289 692.652588
t 40.675568 -10306.696289 692.652588
t 36.299667 -11023.049805 692.652588
t 36.299667 -11638.049805 692.652588
f 23.653828 -783.799194 2.678633
f 23.653828 -1308.799194 2.678633
f 23.653828 -2043.799194 2.678633
f 23.653828 -2883.799316 2.678633
f 23.653828 -3678.799316 2.678633
f 23.653828 -4518.799316 2.678633
f 23.653828 -5433.799316 2.678633
f 23.653828 -6393.407715 2.678633
f -62.216354 -7004.522461 -667.031189
f -62.216354 -7834.651855 -667.031189
f -62.216354 -8659.652344 -667.031189
f -62.216354 -10384.652344 -667.031189
f -62.216354 -11869.442383 -667.031189
h 296.089447 -2932.340332 422.753479
h 139.824280 -3537.875488 658.535034
h -59.970947 -2910.292236 481.431946
h -190.560715 -1806.066162 273.837128
h 502.404266 -1774.371460 -33.308750
h 558.148682 -2099.553223 272.225769
h 328.955475 -2469.546875 -287.908875
h -393.337616 -3085.290527 -47.483582
h -255.110733 -3085.290527 -382.482513
h 21.941338 -3085.290527 -382.482513
h 180.033920 -3685.290527 -534.357544
h 493.502808 -3522.595459 -19.615143
h 187.888565 -4169.250000 -1365.035278
h -10.263691 -4538.519531 -1306.662964
h 1482.121460 -6836.064453 -1301.202881
h 646.931824 -15961.953125 1558.026611
h 463.519043 -15727.681641 1370.031982
h 267.760071 -15534.999023 1189.771118
h 37.080410 -15811.795898 866.047302
h 147.674011 -16673.488281 1025.775391
h -139.203964 -16426.998047 698.855103
h -389.259064 -16123.560547 428.076416
h -546.793030 -16078.818359 223.783951
i 23.653828 -8798.121094 2.678633
i -502.121155 -8372.283203 12.276420
i 440.155121 -7972.383789 15.794437
i -58.057415 -13169.464844 -675.984192
i -58.057415 -12810.372070 -861.191833
i -58.057415 -13039.715820 -430.618561
i -517.831909 -3306.138184 -1566.043823
i -118.110123 -3603.767334 -1513.117798
i 314.956696 -4563.217773 -1513.117798
i 816.295532 -5958.657715 -1492.569092
i 1222.386108 -6292.042480 -1491.137451
i 1786.627686 -7347.380371 -1491.137451
i 615.181702 -14638.262695 1804.042236
i 224.309372 -14283.702148 1841.256592
i -137.937012 -14012.269531 1828.809692
i -875.755371 -14086.089844 1844.831421
i -236.952591 -14640.875977 203.131683
i -632.722412 -14763.740234 234.026016
i 267.426025 -14793.527344 214.836060
l -458.919281 -12633.116211 -1050.086670
l 362.086548 -12948.164063 -191.382141
r -457.061646 -13272.013672 -289.056335
r 341.159729 -13000.994141 -1081.113525
