t 786.900635 -5640.436035 523.436340
t 786.900635 -6255.436035 523.436340
t 786.900635 -5025.436035 523.436340
t 28.884542 -955.398193 457.119812
t 28.884542 -1319.851074 250.765564
t 28.884542 -1814.851074 250.765564
t 28.884542 -2414.851074 250.765564
t 28.884542 -2999.851074 250.765564
t -223.521927 -1636.227905 -2.943475
t -223.521927 -2221.228027 -2.943475
t -223.521927 -2852.946045 -2.943475
t -223.521927 -3457.789307 -2.943475
t -223.521927 -4065.627441 -2.943475
t -223.521927 -4729.559082 -2.943475
t 580.570496 -1620.025757 -263.421936
t 393.402130 -1890.025757 -266.363159
t 393.402130 -1890.025757 -502.847412
t 171.419357 -2888.385010 -626.830994
t 171.419357 -3518.385010 -626.830994
t 274.882141 -4283.384766 -290.554871
f -620.418091 -2064.583984 -630.976318
f -620.418091 -2696.692871 -630.976318
f 3.631239 -674.322266 -10.628986
f -253.375656 -674.322266 -312.868439
f -612.702759 -674.322266 -642.138672
f -45.432121 -4116.530762 422.676300
f -45.432121 -4746.530762 422.676300
f -45.432121 -5506.843262 422.676300
f -45.432121 -6291.165527 422.676300
h 0.000000 -3164.113770 0.000000
h -22.299553 -2551.384277 -610.149658
h 16.938417 -1821.383179 681.546448
h -958.164185 -2354.971680 72.527802
h -952.786987 -5091.220215 235.161072
h -54.654602 -5376.530762 613.738159
h 568.806091 -4109.766602 -266.861908
h -1538.038330 -3643.928711 -289.219604
h -1414.113281 -5773.928711 708.778198
i -933.882324 -4533.274902 64.000214
i 1303.246338 -4434.001953 450.043518
i 6.089354 -708.767334 -1837.315796
i 6.089354 -2303.635254 -1664.503418
i 6.089354 -3810.692383 -1329.008667
i -61.964790 -2450.454590 -1473.928711
i -633.138550 -4100.656738 -1486.130615
l -970.396179 -266.785797 -1645.826416
l 726.597107 -266.785797 1396.635132
l 644.564758 -1773.425537 1326.663574
l 306.070740 -3452.748047 1180.858643
l 433.900635 -1889.986694 1322.165649
l -983.038879 -1683.002075 -1233.350464
l -822.057678 -3275.344971 -724.198547
l -988.405212 -2286.516357 -861.358032
l -540.222473 -5383.759277 -915.659546
l 821.619080 -5862.922852 845.939758
r -700.523438 -266.785797 1338.946289
r 726.597107 -266.785797 -1348.364868
r 862.800171 -1287.660645 -983.359680
r 922.142334 -2939.378418 -560.675171
r -805.244995 -2414.554443 988.603943
r -573.667175 -4036.558594 950.948975
r 673.831787 -5275.948730 -855.223083
r -318.067108 -6236.833008 1166.655640
r 982.728699 -4419.332520 -431.936462
